8 1
10 1
17 1
18 1
19 1
21 1
22 1
3 2
4 2
5 2
6 2
7 2
8 2
9 2
10 2
11 2
12 2
13 2
14 2
15 2
16 2
17 2
18 2
19 2
20 2
21 2
22 2
23 2
24 2
25 2
26 2
27 2
28 2
29 2
30 2
31 2
32 2
33 2
34 2
35 2
36 2
37 2
38 2
39 2
40 2
41 2
42 2
43 2
44 2
53 2
54 2
55 2
56 2
57 2
58 2
61 2
62 2
2 3
3 3
4 3
5 3
6 3
7 3
8 3
9 3
10 3
11 3
12 3
13 3
14 3
15 3
16 3
17 3
18 3
19 3
20 3
21 3
22 3
23 3
24 3
25 3
26 3
28 3
29 3
30 3
32 3
33 3
34 3
35 3
36 3
37 3
38 3
39 3
40 3
41 3
42 3
43 3
44 3
51 3
52 3
53 3
56 3
57 3
60 3
62 3
63 3
64 3
79 3
80 3
81 3
164 3
165 3
2 4
3 4
4 4
5 4
6 4
7 4
8 4
9 4
10 4
24 4
25 4
33 4
34 4
43 4
49 4
50 4
51 4
52 4
55 4
56 4
57 4
58 4
63 4
64 4
65 4
66 4
67 4
68 4
69 4
70 4
71 4
72 4
73 4
74 4
75 4
76 4
77 4
81 4
165 4
2 5
3 5
29 5
34 5
35 5
43 5
45 5
46 5
47 5
48 5
49 5
50 5
53 5
54 5
55 5
56 5
57 5
58 5
59 5
60 5
61 5
62 5
64 5
65 5
66 5
67 5
68 5
69 5
70 5
71 5
72 5
73 5
74 5
75 5
76 5
77 5
78 5
79 5
80 5
81 5
82 5
121 5
2 6
3 6
26 6
27 6
29 6
32 6
33 6
34 6
35 6
36 6
37 6
38 6
43 6
44 6
45 6
46 6
47 6
48 6
49 6
50 6
51 6
52 6
53 6
54 6
57 6
58 6
62 6
63 6
64 6
65 6
66 6
67 6
68 6
69 6
70 6
71 6
72 6
73 6
74 6
81 6
82 6
104 6
106 6
107 6
119 6
128 6
129 6
130 6
2 7
3 7
26 7
27 7
28 7
30 7
31 7
38 7
39 7
40 7
41 7
42 7
43 7
44 7
45 7
62 7
63 7
64 7
75 7
79 7
81 7
82 7
83 7
101 7
102 7
103 7
106 7
122 7
127 7
130 7
160 7
2 8
3 8
26 8
27 8
28 8
43 8
44 8
45 8
46 8
79 8
82 8
83 8
97 8
106 8
107 8
111 8
112 8
113 8
114 8
115 8
117 8
118 8
130 8
131 8
137 8
144 8
145 8
151 8
160 8
163 8
2 9
3 9
29 9
82 9
83 9
87 9
88 9
92 9
97 9
106 9
107 9
130 9
131 9
146 9
147 9
161 9
163 9
165 9
166 9
2 10
3 10
26 10
29 10
82 10
83 10
84 10
85 10
86 10
87 10
88 10
89 10
90 10
91 10
92 10
93 10
160 10
161 10
2 11
3 11
4 11
28 11
83 11
84 11
87 11
157 11
158 11
2 12
3 12
4 12
28 12
29 12
141 12
154 12
156 12
2 13
3 13
4 13
145 13
147 13
149 13
156 13
157 13
158 13
3 14
4 14
143 14
156 14
157 14
159 14
160 14
2 15
3 15
4 15
156 15
158 15
161 15
3 16
4 16
166 16
167 16
3 17
4 17
164 17
167 17
178 17
2 18
3 18
4 18
161 18
165 18
167 18
178 18
3 19
4 19
152 19
158 19
159 19
160 19
163 19
3 20
4 20
154 20
158 20
164 20
3 21
4 21
163 21
168 21
3 22
4 22
150 22
151 22
161 22
165 22
168 22
3 23
4 23
150 23
153 23
155 23
156 23
163 23
3 24
4 24
93 24
143 24
150 24
156 24
159 24
3 25
4 25
93 25
100 25
130 25
135 25
138 25
140 25
141 25
144 25
159 25
3 26
4 26
130 26
135 26
136 26
139 26
3 27
4 27
71 27
72 27
130 27
135 27
140 27
3 28
4 28
5 28
59 28
69 28
70 28
71 28
72 28
130 28
140 28
141 28
142 28
3 29
4 29
5 29
48 29
56 29
60 29
61 29
62 29
63 29
64 29
67 29
68 29
69 29
70 29
72 29
73 29
74 29
141 29
142 29
3 30
4 30
5 30
13 30
46 30
47 30
48 30
49 30
50 30
51 30
52 30
55 30
56 30
60 30
62 30
63 30
64 30
65 30
66 30
71 30
72 30
73 30
74 30
75 30
130 30
133 30
138 30
4 31
5 31
11 31
12 31
13 31
14 31
45 31
47 31
48 31
49 31
50 31
51 31
52 31
55 31
58 31
61 31
62 31
63 31
64 31
65 31
66 31
74 31
75 31
134 31
3 32
4 32
5 32
9 32
10 32
13 32
14 32
45 32
47 32
48 32
52 32
55 32
59 32
60 32
65 32
68 32
75 32
140 32
142 32
143 32
4 33
5 33
6 33
8 33
13 33
14 33
45 33
47 33
48 33
55 33
60 33
68 33
75 33
136 33
137 33
138 33
140 33
13 34
14 34
15 34
44 34
45 34
47 34
52 34
64 34
75 34
78 34
79 34
80 34
100 34
12 35
44 35
45 35
46 35
47 35
51 35
64 35
67 35
74 35
75 35
76 35
77 35
78 35
79 35
80 35
81 35
100 35
101 35
102 35
8 36
11 36
12 36
13 36
14 36
15 36
16 36
34 36
35 36
36 36
44 36
45 36
51 36
52 36
66 36
75 36
76 36
77 36
78 36
79 36
80 36
81 36
82 36
11 37
12 37
13 37
14 37
15 37
16 37
33 37
34 37
35 37
36 37
37 37
38 37
39 37
45 37
51 37
74 37
75 37
80 37
82 37
99 37
16 38
17 38
32 38
33 38
34 38
37 38
38 38
40 38
51 38
74 38
94 38
95 38
96 38
97 38
98 38
99 38
100 38
101 38
16 39
17 39
32 39
40 39
56 39
73 39
74 39
81 39
82 39
94 39
95 39
96 39
97 39
98 39
99 39
100 39
101 39
102 39
103 39
104 39
105 39
155 39
16 40
17 40
32 40
40 40
42 40
94 40
95 40
96 40
105 40
107 40
155 40
16 41
17 41
32 41
33 41
40 41
80 41
82 41
94 41
95 41
106 41
128 41
144 41
159 41
16 42
17 42
33 42
94 42
127 42
142 42
143 42
16 43
17 43
33 43
36 43
37 43
38 43
39 43
70 43
71 43
94 43
127 43
136 43
137 43
142 43
143 43
147 43
150 43
156 43
157 43
16 44
17 44
31 44
32 44
33 44
34 44
35 44
36 44
37 44
38 44
39 44
40 44
69 44
70 44
71 44
94 44
110 44
111 44
113 44
114 44
126 44
133 44
136 44
137 44
138 44
139 44
140 44
143 44
157 44
15 45
16 45
17 45
33 45
34 45
35 45
36 45
37 45
38 45
55 45
58 45
59 45
71 45
76 45
94 45
112 45
115 45
135 45
137 45
138 45
160 45
14 46
15 46
16 46
17 46
41 46
42 46
43 46
47 46
50 46
51 46
52 46
55 46
56 46
57 46
59 46
60 46
61 46
84 46
94 46
116 46
126 46
137 46
16 47
17 47
18 47
39 47
42 47
43 47
45 47
49 47
51 47
52 47
55 47
62 47
84 47
85 47
94 47
126 47
134 47
138 47
17 48
18 48
38 48
39 48
44 48
53 48
54 48
55 48
61 48
63 48
68 48
84 48
85 48
86 48
87 48
88 48
94 48
128 48
139 48
179 48
180 48
17 49
18 49
38 49
44 49
51 49
60 49
68 49
72 49
74 49
86 49
87 49
88 49
94 49
133 49
136 49
137 49
140 49
179 49
17 50
18 50
38 50
45 50
46 50
49 50
50 50
51 50
60 50
65 50
88 50
89 50
94 50
133 50
134 50
135 50
136 50
137 50
139 50
140 50
179 50
17 51
18 51
37 51
38 51
44 51
45 51
46 51
47 51
50 51
51 51
58 51
59 51
60 51
65 51
66 51
68 51
69 51
71 51
85 51
94 51
131 51
136 51
141 51
17 52
18 52
37 52
38 52
45 52
46 52
47 52
48 52
50 52
51 52
57 52
59 52
60 52
61 52
64 52
65 52
66 52
67 52
69 52
70 52
85 52
89 52
94 52
124 52
17 53
18 53
38 53
39 53
40 53
43 53
45 53
47 53
48 53
50 53
51 53
57 53
58 53
59 53
60 53
61 53
63 53
65 53
66 53
67 53
68 53
69 53
86 53
87 53
94 53
95 53
179 53
16 54
17 54
18 54
39 54
40 54
41 54
44 54
47 54
48 54
50 54
51 54
55 54
56 54
59 54
60 54
61 54
66 54
67 54
68 54
69 54
70 54
72 54
73 54
74 54
76 54
90 54
94 54
95 54
96 54
179 54
180 54
16 55
17 55
18 55
40 55
41 55
46 55
47 55
48 55
50 55
51 55
52 55
54 55
55 55
60 55
61 55
68 55
69 55
70 55
71 55
73 55
74 55
75 55
76 55
77 55
86 55
88 55
89 55
90 55
95 55
96 55
16 56
17 56
18 56
38 56
43 56
45 56
46 56
49 56
50 56
51 56
53 56
54 56
69 56
73 56
74 56
75 56
76 56
77 56
78 56
79 56
85 56
88 56
95 56
96 56
97 56
98 56
140 56
160 56
165 56
172 56
175 56
16 57
17 57
18 57
39 57
40 57
43 57
44 57
51 57
52 57
73 57
75 57
77 57
79 57
80 57
85 57
95 57
96 57
97 57
140 57
143 57
173 57
177 57
178 57
17 58
18 58
40 58
41 58
42 58
75 58
95 58
96 58
137 58
138 58
139 58
140 58
141 58
171 58
17 59
18 59
97 59
171 59
172 59
176 59
18 60
94 60
95 60
96 60
97 60
18 61
94 61
95 61
96 61
99 61
18 62
18 63
97 63
106 63
18 64
97 64
98 64
18 65
97 65
98 65
145 65
18 66
97 66
98 66
144 66
145 66
17 67
18 67
97 67
98 67
142 67
144 67
10 68
11 68
18 68
19 68
97 68
98 68
144 68
7 69
8 69
9 69
10 69
11 69
12 69
13 69
14 69
16 69
17 69
18 69
97 69
98 69
7 70
8 70
9 70
10 70
11 70
12 70
14 70
15 70
16 70
17 70
18 70
97 70
98 70
5 71
6 71
7 71
8 71
9 71
13 71
14 71
15 71
16 71
17 71
18 71
97 71
98 71
5 72
6 72
11 72
12 72
13 72
97 72
98 72
5 73
6 73
97 73
98 73
5 74
6 74
47 74
97 74
98 74
5 75
6 75
48 75
97 75
98 75
5 76
6 76
18 76
94 76
97 76
98 76
5 77
6 77
7 77
9 77
91 77
93 77
94 77
96 77
97 77
6 78
7 78
8 78
9 78
90 78
91 78
92 78
93 78
6 79
7 79
8 79
90 79
91 79
92 79
6 80
7 80
8 80
60 80
89 80
90 80
6 81
7 81
8 81
90 81
6 82
7 82
8 82
9 82
91 82
93 82
7 83
8 83
92 83
93 83
96 83
97 83
7 84
8 84
75 84
76 84
77 84
78 84
79 84
80 84
81 84
82 84
87 84
88 84
89 84
90 84
91 84
92 84
93 84
94 84
7 85
8 85
9 85
52 85
53 85
54 85
57 85
61 85
62 85
63 85
64 85
65 85
66 85
67 85
68 85
69 85
70 85
71 85
72 85
73 85
74 85
75 85
76 85
77 85
78 85
79 85
82 85
83 85
84 85
85 85
86 85
87 85
88 85
89 85
90 85
91 85
7 86
49 86
50 86
51 86
52 86
53 86
54 86
55 86
56 86
57 86
58 86
59 86
60 86
61 86
62 86
63 86
64 86
65 86
69 86
7 87
45 87
52 87
55 87
56 87
7 88
8 88
41 88
42 88
43 88
44 88
45 88
46 88
56 88
7 89
41 89
42 89
43 89
45 89
46 89
56 89
100 89
101 89
102 89
103 89
6 90
7 90
41 90
42 90
56 90
57 90
103 90
110 90
111 90
115 90
116 90
122 90
123 90
124 90
125 90
126 90
127 90
130 90
131 90
132 90
142 90
143 90
6 91
7 91
42 91
43 91
55 91
56 91
111 91
116 91
124 91
126 91
127 91
128 91
130 91
131 91
133 91
134 91
141 91
171 91
172 91
173 91
174 91
6 92
7 92
41 92
42 92
43 92
46 92
55 92
56 92
104 92
117 92
123 92
173 92
6 93
7 93
42 93
43 93
44 93
46 93
47 93
56 93
104 93
128 93
133 93
173 93
6 94
7 94
8 94
17 94
18 94
20 94
21 94
42 94
43 94
44 94
45 94
46 94
47 94
56 94
57 94
115 94
123 94
170 94
171 94
172 94
173 94
6 95
7 95
8 95
18 95
20 95
21 95
22 95
42 95
43 95
44 95
45 95
46 95
56 95
57 95
96 95
98 95
99 95
100 95
129 95
171 95
6 96
7 96
16 96
17 96
18 96
21 96
22 96
23 96
42 96
43 96
56 96
57 96
90 96
95 96
96 96
97 96
104 96
105 96
123 96
129 96
180 96
181 96
6 97
7 97
8 97
17 97
18 97
19 97
22 97
23 97
57 97
90 97
96 97
123 97
128 97
129 97
130 97
144 97
6 98
7 98
8 98
19 98
21 98
22 98
23 98
52 98
56 98
57 98
91 98
95 98
96 98
123 98
142 98
6 99
7 99
21 99
22 99
23 99
52 99
53 99
54 99
56 99
57 99
95 99
106 99
118 99
123 99
131 99
132 99
6 100
7 100
8 100
21 100
22 100
52 100
55 100
56 100
57 100
95 100
116 100
118 100
123 100
124 100
132 100
7 101
8 101
21 101
22 101
52 101
53 101
124 101
132 101
133 101
139 101
141 101
7 102
8 102
9 102
21 102
22 102
52 102
53 102
116 102
124 102
133 102
141 102
162 102
7 103
8 103
9 103
17 103
18 103
21 103
51 103
52 103
104 103
124 103
131 103
133 103
141 103
142 103
7 104
8 104
9 104
51 104
52 104
104 104
105 104
106 104
116 104
117 104
124 104
131 104
132 104
133 104
142 104
143 104
7 105
8 105
52 105
53 105
78 105
98 105
105 105
106 105
116 105
117 105
124 105
132 105
133 105
134 105
135 105
137 105
138 105
139 105
141 105
142 105
143 105
167 105
7 106
8 106
52 106
53 106
70 106
71 106
72 106
73 106
74 106
75 106
76 106
77 106
78 106
79 106
86 106
98 106
106 106
117 106
123 106
124 106
134 106
135 106
136 106
137 106
142 106
143 106
164 106
166 106
173 106
7 107
8 107
52 107
53 107
70 107
71 107
72 107
73 107
74 107
75 107
76 107
78 107
79 107
80 107
84 107
86 107
98 107
106 107
117 107
118 107
119 107
120 107
121 107
122 107
123 107
135 107
136 107
142 107
143 107
164 107
165 107
166 107
7 108
8 108
51 108
52 108
53 108
69 108
70 108
80 108
81 108
84 108
85 108
86 108
98 108
107 108
117 108
118 108
120 108
140 108
142 108
143 108
147 108
164 108
165 108
166 108
7 109
8 109
14 109
51 109
52 109
69 109
70 109
80 109
81 109
82 109
83 109
84 109
85 109
86 109
98 109
105 109
106 109
107 109
108 109
116 109
117 109
142 109
143 109
163 109
164 109
165 109
166 109
7 110
9 110
52 110
69 110
70 110
81 110
82 110
84 110
85 110
86 110
87 110
88 110
97 110
98 110
106 110
107 110
108 110
115 110
116 110
142 110
143 110
144 110
145 110
146 110
147 110
148 110
149 110
163 110
164 110
165 110
6 111
7 111
9 111
10 111
13 111
14 111
52 111
53 111
54 111
55 111
56 111
57 111
58 111
59 111
68 111
69 111
82 111
85 111
86 111
87 111
88 111
89 111
90 111
91 111
92 111
93 111
94 111
95 111
96 111
98 111
107 111
108 111
112 111
113 111
114 111
115 111
143 111
144 111
145 111
163 111
164 111
6 112
7 112
14 112
15 112
52 112
53 112
54 112
55 112
56 112
57 112
58 112
59 112
68 112
69 112
87 112
88 112
89 112
90 112
91 112
92 112
93 112
94 112
95 112
96 112
97 112
98 112
108 112
109 112
111 112
112 112
113 112
114 112
115 112
163 112
164 112
13 113
14 113
15 113
60 113
68 113
69 113
109 113
111 113
112 113
113 113
114 113
163 113
164 113
169 113
181 113
14 114
15 114
60 114
61 114
62 114
68 114
110 114
111 114
163 114
164 114
171 114
14 115
15 115
59 115
60 115
61 115
62 115
63 115
68 115
164 115
14 116
15 116
60 116
61 116
62 116
63 116
64 116
65 116
66 116
67 116
68 116
14 117
15 117
63 117
64 117
65 117
66 117
14 118
15 118
38 118
39 118
40 118
151 118
14 119
15 119
35 119
36 119
37 119
38 119
39 119
40 119
151 119
152 119
14 120
15 120
35 120
36 120
37 120
38 120
39 120
40 120
163 120
164 120
165 120
167 120
170 120
175 120
14 121
15 121
38 121
39 121
40 121
41 121
42 121
43 121
164 121
165 121
166 121
167 121
14 122
15 122
34 122
35 122
38 122
39 122
40 122
41 122
42 122
43 122
44 122
45 122
165 122
14 123
15 123
34 123
35 123
36 123
37 123
38 123
39 123
42 123
43 123
44 123
45 123
162 123
164 123
165 123
14 124
15 124
34 124
35 124
45 124
163 124
164 124
14 125
15 125
24 125
34 125
45 125
162 125
163 125
164 125
165 125
14 126
15 126
34 126
35 126
45 126
46 126
161 126
162 126
163 126
164 126
14 127
15 127
45 127
46 127
160 127
161 127
162 127
163 127
164 127
14 128
15 128
35 128
45 128
46 128
107 128
108 128
109 128
110 128
111 128
112 128
113 128
114 128
115 128
116 128
117 128
118 128
119 128
158 128
159 128
160 128
161 128
162 128
163 128
164 128
165 128
14 129
15 129
34 129
35 129
45 129
46 129
106 129
107 129
110 129
111 129
112 129
113 129
115 129
116 129
117 129
118 129
119 129
159 129
163 129
164 129
165 129
167 129
14 130
15 130
35 130
36 130
45 130
46 130
106 130
107 130
119 130
120 130
162 130
163 130
164 130
166 130
14 131
15 131
35 131
36 131
46 131
106 131
107 131
118 131
119 131
120 131
167 131
15 132
35 132
46 132
86 132
87 132
88 132
89 132
106 132
107 132
118 132
119 132
120 132
131 132
167 132
168 132
169 132
15 133
35 133
36 133
46 133
63 133
67 133
68 133
69 133
84 133
85 133
86 133
87 133
88 133
90 133
106 133
107 133
118 133
119 133
120 133
130 133
131 133
132 133
133 133
168 133
169 133
15 134
35 134
46 134
47 134
62 134
63 134
64 134
65 134
66 134
67 134
68 134
69 134
83 134
84 134
85 134
89 134
90 134
91 134
92 134
106 134
107 134
119 134
128 134
129 134
130 134
132 134
133 134
134 134
135 134
156 134
168 134
169 134
15 135
35 135
46 135
62 135
69 135
70 135
82 135
83 135
84 135
85 135
89 135
102 135
106 135
107 135
119 135
128 135
129 135
133 135
135 135
155 135
156 135
168 135
169 135
15 136
35 136
36 136
46 136
62 136
69 136
70 136
82 136
83 136
90 136
94 136
95 136
96 136
97 136
98 136
99 136
100 136
101 136
102 136
103 136
113 136
128 136
155 136
159 136
168 136
169 136
14 137
15 137
35 137
46 137
62 137
70 137
83 137
92 137
94 137
103 137
105 137
116 137
128 137
133 137
137 137
138 137
139 137
140 137
141 137
142 137
143 137
144 137
145 137
147 137
148 137
149 137
150 137
151 137
152 137
155 137
160 137
168 137
169 137
14 138
15 138
46 138
47 138
62 138
69 138
70 138
83 138
91 138
93 138
94 138
102 138
103 138
104 138
105 138
138 138
143 138
144 138
145 138
147 138
148 138
149 138
150 138
151 138
152 138
153 138
154 138
155 138
156 138
158 138
159 138
160 138
162 138
163 138
164 138
165 138
167 138
168 138
169 138
14 139
15 139
47 139
62 139
69 139
70 139
83 139
93 139
94 139
107 139
108 139
109 139
129 139
134 139
138 139
147 139
148 139
155 139
156 139
158 139
159 139
160 139
168 139
14 140
15 140
40 140
47 140
62 140
63 140
69 140
70 140
84 140
93 140
94 140
103 140
134 140
146 140
147 140
14 141
15 141
32 141
33 141
34 141
35 141
36 141
40 141
46 141
47 141
62 141
63 141
69 141
82 141
83 141
93 141
94 141
103 141
110 141
138 141
14 142
30 142
31 142
40 142
46 142
47 142
63 142
69 142
82 142
83 142
84 142
94 142
102 142
110 142
124 142
14 143
29 143
39 143
40 143
46 143
47 143
63 143
69 143
82 143
83 143
85 143
94 143
109 143
110 143
123 143
124 143
131 143
138 143
14 144
15 144
30 144
40 144
46 144
47 144
61 144
62 144
63 144
69 144
82 144
83 144
84 144
85 144
86 144
87 144
108 144
109 144
110 144
124 144
125 144
131 144
135 144
14 145
15 145
29 145
30 145
40 145
41 145
46 145
47 145
61 145
62 145
63 145
64 145
69 145
82 145
83 145
87 145
88 145
124 145
125 145
135 145
14 146
15 146
29 146
30 146
46 146
47 146
63 146
64 146
82 146
83 146
88 146
93 146
132 146
14 147
15 147
28 147
29 147
30 147
46 147
47 147
64 147
68 147
69 147
70 147
71 147
73 147
75 147
76 147
77 147
78 147
79 147
81 147
82 147
83 147
88 147
93 147
105 147
130 147
138 147
15 148
28 148
46 148
47 148
62 148
64 148
68 148
69 148
70 148
71 148
72 148
73 148
74 148
75 148
76 148
77 148
78 148
79 148
80 148
81 148
82 148
83 148
84 148
85 148
88 148
91 148
92 148
93 148
103 148
104 148
105 148
106 148
107 148
108 148
109 148
110 148
112 148
133 148
14 149
15 149
28 149
31 149
46 149
47 149
62 149
66 149
67 149
70 149
71 149
72 149
75 149
76 149
77 149
78 149
79 149
80 149
81 149
82 149
83 149
84 149
85 149
86 149
87 149
88 149
93 149
98 149
99 149
100 149
101 149
102 149
103 149
104 149
105 149
106 149
107 149
108 149
109 149
110 149
111 149
112 149
113 149
114 149
115 149
116 149
117 149
118 149
119 149
122 149
126 149
134 149
135 149
136 149
139 149
14 150
15 150
16 150
28 150
29 150
30 150
46 150
62 150
63 150
64 150
65 150
66 150
68 150
69 150
70 150
87 150
88 150
92 150
93 150
95 150
96 150
97 150
98 150
99 150
100 150
101 150
102 150
103 150
104 150
105 150
110 150
111 150
112 150
113 150
114 150
115 150
116 150
117 150
118 150
119 150
120 150
121 150
122 150
126 150
127 150
128 150
129 150
130 150
131 150
132 150
133 150
134 150
135 150
136 150
137 150
138 150
139 150
140 150
141 150
156 150
157 150
14 151
15 151
16 151
30 151
40 151
46 151
63 151
64 151
68 151
69 151
88 151
91 151
92 151
93 151
94 151
95 151
96 151
97 151
106 151
110 151
119 151
120 151
121 151
130 151
140 151
141 151
145 151
146 151
147 151
153 151
154 151
155 151
156 151
14 152
15 152
29 152
30 152
40 152
46 152
63 152
64 152
68 152
69 152
70 152
82 152
88 152
91 152
130 152
140 152
147 152
153 152
154 152
157 152
162 152
163 152
164 152
165 152
14 153
15 153
40 153
46 153
63 153
66 153
67 153
69 153
88 153
91 153
110 153
142 153
145 153
153 153
164 153
167 153
168 153
169 153
170 153
171 153
172 153
13 154
14 154
15 154
40 154
43 154
44 154
46 154
63 154
64 154
65 154
66 154
67 154
68 154
69 154
88 154
91 154
110 154
138 154
142 154
143 154
153 154
166 154
172 154
13 155
14 155
15 155
46 155
64 155
65 155
66 155
67 155
69 155
82 155
87 155
88 155
89 155
90 155
109 155
110 155
133 155
153 155
166 155
14 156
15 156
46 156
79 156
88 156
89 156
109 156
110 156
111 156
128 156
129 156
130 156
149 156
153 156
165 156
167 156
13 157
14 157
15 157
46 157
79 157
80 157
95 157
110 157
146 157
148 157
149 157
152 157
153 157
157 157
158 157
13 158
14 158
15 158
16 158
34 158
46 158
74 158
79 158
84 158
151 158
152 158
153 158
158 158
165 158
167 158
13 159
14 159
15 159
16 159
34 159
46 159
74 159
75 159
78 159
90 159
151 159
152 159
158 159
13 160
14 160
15 160
16 160
34 160
45 160
46 160
74 160
75 160
79 160
80 160
96 160
102 160
117 160
158 160
13 161
14 161
16 161
36 161
39 161
40 161
41 161
42 161
43 161
44 161
45 161
46 161
74 161
75 161
79 161
81 161
82 161
104 161
116 161
150 161
163 161
168 161
13 162
15 162
16 162
39 162
40 162
42 162
43 162
44 162
45 162
46 162
74 162
75 162
78 162
87 162
104 162
105 162
116 162
130 162
138 162
164 162
168 162
13 163
14 163
15 163
16 163
74 163
75 163
86 163
87 163
105 163
116 163
129 163
145 163
162 163
164 163
168 163
13 164
14 164
75 164
76 164
77 164
86 164
87 164
95 164
105 164
116 164
117 164
129 164
136 164
148 164
168 164
173 164
180 164
181 164
12 165
13 165
14 165
15 165
75 165
76 165
77 165
78 165
80 165
81 165
82 165
86 165
87 165
88 165
95 165
98 165
105 165
106 165
116 165
117 165
118 165
123 165
129 165
137 165
148 165
163 165
168 165
172 165
173 165
174 165
175 165
176 165
177 165
178 165
179 165
180 165
181 165
12 166
13 166
14 166
15 166
77 166
78 166
79 166
80 166
86 166
87 166
88 166
95 166
98 166
106 166
107 166
117 166
118 166
121 166
122 166
123 166
129 166
136 166
137 166
162 166
168 166
172 166
173 166
174 166
175 166
176 166
177 166
178 166
179 166
180 166
181 166
12 167
13 167
14 167
15 167
86 167
87 167
95 167
99 167
106 167
107 167
118 167
119 167
120 167
121 167
122 167
129 167
136 167
137 167
146 167
149 167
152 167
163 167
167 167
168 167
173 167
177 167
178 167
181 167
12 168
13 168
14 168
86 168
87 168
95 168
96 168
97 168
99 168
106 168
119 168
120 168
129 168
136 168
138 168
139 168
140 168
148 168
149 168
152 168
153 168
155 168
156 168
162 168
163 168
164 168
166 168
167 168
168 168
181 168
12 169
13 169
14 169
86 169
88 169
95 169
98 169
99 169
106 169
108 169
129 169
136 169
137 169
138 169
139 169
140 169
149 169
152 169
156 169
157 169
158 169
163 169
164 169
167 169
168 169
181 169
12 170
13 170
14 170
15 170
86 170
87 170
95 170
99 170
100 170
106 170
108 170
129 170
136 170
137 170
140 170
148 170
149 170
163 170
164 170
165 170
166 170
167 170
181 170
12 171
13 171
14 171
15 171
86 171
94 171
95 171
100 171
101 171
102 171
105 171
106 171
107 171
108 171
129 171
136 171
137 171
140 171
141 171
148 171
164 171
165 171
181 171
12 172
13 172
15 172
86 172
94 172
95 172
100 172
101 172
102 172
103 172
104 172
105 172
106 172
107 172
129 172
136 172
140 172
141 172
142 172
143 172
145 172
146 172
147 172
148 172
180 172
181 172
12 173
13 173
15 173
86 173
87 173
88 173
89 173
90 173
91 173
92 173
93 173
94 173
95 173
101 173
102 173
103 173
104 173
105 173
106 173
128 173
129 173
135 173
136 173
142 173
143 173
144 173
145 173
146 173
147 173
180 173
181 173
12 174
13 174
15 174
86 174
87 174
88 174
89 174
90 174
91 174
92 174
95 174
103 174
105 174
129 174
130 174
131 174
132 174
133 174
135 174
136 174
143 174
144 174
145 174
180 174
181 174
12 175
13 175
14 175
15 175
43 175
44 175
129 175
130 175
131 175
132 175
133 175
134 175
135 175
136 175
180 175
181 175
12 176
15 176
40 176
41 176
42 176
43 176
44 176
45 176
135 176
181 176
12 177
13 177
15 177
43 177
44 177
45 177
181 177
14 178
15 178
31 178
41 178
43 178
44 178
181 178
15 179
31 179
35 179
36 179
37 179
43 179
44 179
180 179
181 179
11 180
12 180
15 180
31 180
32 180
33 180
34 180
35 180
36 180
37 180
38 180
39 180
40 180
43 180
44 180
180 180
181 180
11 181
12 181
13 181
14 181
33 181
34 181
35 181
36 181
37 181
41 181
42 181
44 181
45 181
181 181
14 182
15 182
33 182
40 182
41 182
42 182
44 182
45 182
179 182
181 182
14 183
33 183
44 183
181 183
10 184
11 184
14 184
32 184
33 184
34 184
44 184
181 184
10 185
14 185
30 185
32 185
33 185
34 185
41 185
44 185
80 185
81 185
82 185
83 185
84 185
85 185
86 185
181 185
10 186
14 186
32 186
33 186
43 186
44 186
77 186
78 186
79 186
80 186
81 186
82 186
83 186
85 186
86 186
181 186
10 187
14 187
32 187
33 187
43 187
44 187
45 187
77 187
78 187
85 187
86 187
87 187
181 187
10 188
14 188
31 188
32 188
43 188
44 188
45 188
77 188
78 188
81 188
84 188
85 188
86 188
87 188
181 188
13 189
14 189
32 189
44 189
45 189
77 189
85 189
86 189
87 189
117 189
118 189
119 189
181 189
10 190
13 190
14 190
32 190
37 190
38 190
44 190
45 190
77 190
85 190
86 190
87 190
116 190
118 190
119 190
181 190
10 191
13 191
14 191
40 191
42 191
44 191
45 191
77 191
85 191
86 191
87 191
93 191
94 191
114 191
115 191
116 191
118 191
119 191
120 191
121 191
181 191
13 192
14 192
40 192
41 192
42 192
44 192
45 192
77 192
85 192
86 192
87 192
92 192
94 192
95 192
114 192
118 192
119 192
121 192
122 192
181 192
13 193
14 193
40 193
41 193
44 193
45 193
46 193
68 193
77 193
86 193
87 193
92 193
95 193
96 193
120 193
122 193
152 193
164 193
179 193
181 193
13 194
14 194
36 194
37 194
38 194
39 194
40 194
41 194
44 194
45 194
68 194
69 194
70 194
77 194
86 194
87 194
91 194
92 194
93 194
96 194
97 194
104 194
105 194
106 194
109 194
110 194
111 194
120 194
152 194
153 194
154 194
155 194
156 194
157 194
158 194
159 194
160 194
163 194
164 194
165 194
166 194
167 194
181 194
13 195
14 195
37 195
38 195
44 195
45 195
66 195
67 195
68 195
69 195
70 195
71 195
77 195
78 195
82 195
86 195
87 195
90 195
93 195
95 195
96 195
97 195
98 195
99 195
104 195
105 195
106 195
107 195
108 195
109 195
110 195
111 195
112 195
122 195
123 195
125 195
126 195
127 195
154 195
158 195
160 195
161 195
162 195
163 195
166 195
181 195
13 196
14 196
38 196
44 196
45 196
65 196
66 196
68 196
78 196
79 196
86 196
87 196
99 196
103 196
104 196
111 196
122 196
123 196
125 196
126 196
127 196
128 196
154 196
158 196
159 196
163 196
166 196
181 196
13 197
14 197
36 197
38 197
44 197
45 197
65 197
67 197
78 197
86 197
87 197
91 197
100 197
103 197
111 197
122 197
123 197
126 197
127 197
128 197
129 197
137 197
138 197
140 197
141 197
142 197
154 197
155 197
163 197
180 197
181 197
12 198
14 198
38 198
44 198
45 198
65 198
66 198
72 198
98 198
100 198
103 198
111 198
121 198
122 198
123 198
127 198
128 198
129 198
137 198
140 198
142 198
143 198
155 198
163 198
179 198
180 198
181 198
11 199
12 199
13 199
14 199
38 199
39 199
44 199
45 199
65 199
72 199
86 199
99 199
111 199
121 199
122 199
127 199
129 199
137 199
140 199
143 199
171 199
172 199
173 199
174 199
175 199
176 199
177 199
178 199
179 199
181 199
11 200
30 200
31 200
32 200
33 200
34 200
35 200
36 200
37 200
38 200
39 200
44 200
45 200
103 200
111 200
122 200
127 200
128 200
129 200
141 200
143 200
163 200
171 200
172 200
173 200
174 200
175 200
176 200
177 200
181 200
11 201
36 201
38 201
44 201
45 201
73 201
82 201
88 201
98 201
111 201
122 201
127 201
129 201
143 201
155 201
157 201
159 201
161 201
163 201
172 201
181 201
11 202
30 202
35 202
43 202
44 202
45 202
88 202
102 202
103 202
122 202
127 202
129 202
143 202
155 202
159 202
161 202
172 202
181 202
11 203
43 203
44 203
45 203
61 203
62 203
80 203
81 203
102 203
103 203
127 203
128 203
129 203
172 203
11 204
43 204
44 204
45 204
61 204
79 204
80 204
81 204
82 204
102 204
103 204
128 204
129 204
172 204
11 205
33 205
34 205
43 205
44 205
45 205
61 205
62 205
79 205
80 205
83 205
97 205
112 205
129 205
157 205
160 205
172 205
11 206
34 206
35 206
36 206
43 206
44 206
45 206
61 206
78 206
79 206
102 206
129 206
130 206
157 206
160 206
166 206
168 206
172 206
11 207
34 207
35 207
43 207
44 207
61 207
62 207
80 207
102 207
130 207
157 207
166 207
171 207
11 208
34 208
35 208
43 208
44 208
45 208
62 208
65 208
95 208
102 208
129 208
130 208
151 208
157 208
165 208
166 208
171 208
11 209
34 209
35 209
43 209
44 209
45 209
61 209
62 209
65 209
70 209
71 209
72 209
80 209
81 209
82 209
83 209
84 209
85 209
86 209
92 209
94 209
96 209
97 209
98 209
99 209
100 209
101 209
102 209
103 209
104 209
105 209
112 209
113 209
114 209
118 209
119 209
130 209
151 209
157 209
158 209
159 209
161 209
162 209
163 209
164 209
11 210
34 210
35 210
43 210
44 210
45 210
61 210
62 210
63 210
64 210
65 210
69 210
70 210
71 210
72 210
73 210
74 210
75 210
77 210
78 210
79 210
81 210
82 210
83 210
84 210
86 210
87 210
92 210
93 210
94 210
95 210
101 210
103 210
104 210
105 210
106 210
111 210
113 210
114 210
115 210
130 210
148 210
151 210
157 210
179 210
180 210
11 211
33 211
34 211
35 211
43 211
44 211
60 211
61 211
62 211
63 211
69 211
70 211
73 211
74 211
75 211
76 211
77 211
87 211
88 211
92 211
97 211
98 211
99 211
100 211
106 211
108 211
114 211
115 211
116 211
130 211
131 211
141 211
142 211
144 211
149 211
150 211
152 211
154 211
155 211
156 211
157 211
158 211
179 211
11 212
34 212
35 212
43 212
44 212
60 212
90 212
91 212
108 212
130 212
131 212
132 212
133 212
134 212
135 212
136 212
137 212
138 212
139 212
140 212
158 212
167 212
168 212
169 212
170 212
11 213
34 213
43 213
44 213
45 213
60 213
61 213
90 213
131 213
132 213
133 213
134 213
136 213
138 213
139 213
140 213
141 213
142 213
143 213
144 213
145 213
146 213
147 213
149 213
150 213
11 214
35 214
36 214
39 214
40 214
43 214
44 214
45 214
60 214
90 214
102 214
107 214
146 214
147 214
148 214
149 214
11 215
40 215
43 215
44 215
45 215
60 215
70 215
73 215
87 215
90 215
103 215
110 215
150 215
11 216
39 216
40 216
43 216
44 216
45 216
60 216
61 216
67 216
68 216
69 216
70 216
87 216
88 216
89 216
90 216
109 216
110 216
147 216
6 217
10 217
11 217
43 217
44 217
45 217
60 217
67 217
108 217
109 217
113 217
150 217
6 218
7 218
11 218
12 218
28 218
30 218
43 218
44 218
45 218
61 218
105 218
118 218
152 218
11 219
12 219
26 219
27 219
30 219
31 219
43 219
44 219
45 219
68 219
105 219
112 219
118 219
154 219
155 219
11 220
12 220
24 220
25 220
27 220
43 220
44 220
45 220
59 220
68 220
69 220
105 220
118 220
154 220
155 220
11 221
12 221
23 221
24 221
25 221
26 221
43 221
44 221
45 221
46 221
59 221
60 221
61 221
62 221
68 221
74 221
105 221
106 221
111 221
138 221
162 221
164 221
12 222
26 222
30 222
38 222
39 222
40 222
41 222
42 222
43 222
44 222
45 222
60 222
61 222
62 222
63 222
64 222
65 222
68 222
73 222
75 222
81 222
105 222
111 222
138 222
162 222
163 222
164 222
165 222
9 223
12 223
38 223
44 223
45 223
64 223
74 223
75 223
76 223
77 223
79 223
80 223
87 223
88 223
95 223
104 223
105 223
111 223
138 223
152 223
161 223
162 223
164 223
165 223
9 224
11 224
12 224
26 224
38 224
44 224
45 224
63 224
69 224
75 224
76 224
77 224
78 224
79 224
86 224
87 224
88 224
95 224
103 224
104 224
111 224
120 224
128 224
137 224
138 224
153 224
161 224
181 224
9 225
30 225
38 225
44 225
45 225
63 225
69 225
70 225
76 225
77 225
78 225
87 225
88 225
95 225
98 225
101 225
102 225
103 225
111 225
112 225
117 225
120 225
128 225
137 225
138 225
151 225
152 225
153 225
154 225
155 225
157 225
179 225
180 225
181 225
3 226
4 226
6 226
7 226
8 226
30 226
38 226
39 226
45 226
46 226
63 226
69 226
87 226
88 226
95 226
97 226
98 226
99 226
100 226
101 226
103 226
104 226
105 226
112 226
113 226
116 226
117 226
120 226
128 226
129 226
137 226
138 226
139 226
151 226
152 226
161 226
162 226
177 226
180 226
181 226
3 227
4 227
38 227
39 227
44 227
45 227
46 227
63 227
69 227
87 227
88 227
95 227
96 227
100 227
101 227
102 227
103 227
113 227
114 227
115 227
116 227
119 227
120 227
127 227
137 227
138 227
139 227
140 227
147 227
148 227
161 227
162 227
163 227
164 227
165 227
166 227
167 227
173 227
175 227
180 227
181 227
3 228
4 228
17 228
38 228
44 228
45 228
46 228
63 228
69 228
87 228
88 228
94 228
95 228
96 228
99 228
101 228
102 228
114 228
115 228
119 228
120 228
122 228
124 228
125 228
127 228
129 228
136 228
137 228
140 228
141 228
142 228
145 228
146 228
147 228
162 228
163 228
164 228
165 228
166 228
167 228
168 228
169 228
170 228
171 228
172 228
180 228
181 228
3 229
4 229
44 229
45 229
46 229
63 229
64 229
65 229
66 229
67 229
68 229
69 229
87 229
88 229
89 229
94 229
95 229
96 229
119 229
120 229
121 229
122 229
124 229
126 229
127 229
129 229
130 229
132 229
134 229
136 229
137 229
141 229
142 229
143 229
145 229
146 229
147 229
168 229
169 229
170 229
180 229
3 230
25 230
26 230
44 230
45 230
46 230
63 230
64 230
65 230
66 230
67 230
68 230
87 230
88 230
94 230
95 230
96 230
121 230
122 230
123 230
124 230
125 230
126 230
127 230
129 230
130 230
133 230
134 230
136 230
137 230
142 230
143 230
144 230
145 230
181 230
2 231
3 231
4 231
6 231
39 231
44 231
45 231
46 231
87 231
88 231
94 231
95 231
96 231
125 231
127 231
130 231
131 231
132 231
133 231
134 231
135 231
136 231
143 231
144 231
181 231
2 232
3 232
4 232
6 232
36 232
38 232
39 232
44 232
45 232
46 232
87 232
88 232
94 232
95 232
96 232
132 232
133 232
134 232
181 232
2 233
3 233
4 233
5 233
36 233
38 233
44 233
45 233
87 233
88 233
89 233
90 233
91 233
92 233
93 233
94 233
95 233
96 233
181 233
2 234
3 234
4 234
5 234
39 234
41 234
42 234
44 234
45 234
46 234
87 234
88 234
89 234
90 234
91 234
92 234
93 234
94 234
95 234
181 234
2 235
3 235
4 235
5 235
21 235
22 235
23 235
24 235
25 235
26 235
27 235
28 235
29 235
30 235
31 235
32 235
33 235
34 235
35 235
36 235
37 235
38 235
39 235
40 235
41 235
42 235
43 235
44 235
45 235
90 235
93 235
94 235
95 235
180 235
181 235
2 236
3 236
4 236
5 236
22 236
23 236
24 236
25 236
26 236
27 236
28 236
29 236
30 236
31 236
32 236
33 236
34 236
36 236
37 236
38 236
40 236
41 236
42 236
43 236
44 236
180 236
181 236
2 237
3 237
4 237
34 237
40 237
41 237
180 237
181 237
3 238
4 238
34 238
40 238
41 238
172 238
173 238
180 238
3 239
4 239
34 239
40 239
41 239
172 239
173 239
176 239
3 240
4 240
5 240
34 240
35 240
37 240
38 240
39 240
40 240
172 240
173 240
3 241
4 241
5 241
33 241
34 241
35 241
36 241
37 241
38 241
39 241
40 241
172 241
173 241
2 242
3 242
4 242
5 242
162 242
171 242
172 242
2 243
3 243
4 243
5 243
156 243
157 243
160 243
161 243
2 244
3 244
4 244
5 244
157 244
160 244
161 244
162 244
2 245
3 245
4 245
5 245
156 245
157 245
159 245
160 245
161 245
2 246
3 246
4 246
5 246
119 246
121 246
160 246
161 246
162 246
163 246
164 246
2 247
3 247
4 247
5 247
119 247
120 247
122 247
123 247
158 247
159 247
160 247
161 247
2 248
3 248
4 248
5 248
119 248
120 248
121 248
122 248
123 248
124 248
160 248
161 248
2 249
3 249
4 249
5 249
119 249
120 249
121 249
123 249
124 249
160 249
161 249
2 250
3 250
4 250
5 250
118 250
119 250
120 250
121 250
124 250
125 250
160 250
3 251
4 251
5 251
118 251
119 251
120 251
121 251
124 251
125 251
3 252
4 252
5 252
117 252
118 252
119 252
120 252
121 252
123 252
124 252
125 252
132 252
133 252
134 252
170 252
3 253
4 253
5 253
109 253
110 253
111 253
112 253
113 253
117 253
122 253
123 253
124 253
125 253
131 253
132 253
134 253
135 253
172 253
173 253
3 254
4 254
5 254
107 254
108 254
109 254
110 254
111 254
112 254
113 254
114 254
117 254
119 254
122 254
123 254
125 254
128 254
129 254
132 254
135 254
136 254
173 254
3 255
4 255
5 255
72 255
73 255
74 255
98 255
105 255
106 255
107 255
108 255
109 255
110 255
111 255
116 255
117 255
123 255
124 255
125 255
129 255
130 255
131 255
132 255
136 255
137 255
144 255
145 255
165 255
171 255
173 255
3 256
4 256
70 256
71 256
72 256
73 256
74 256
94 256
95 256
96 256
97 256
99 256
106 256
107 256
117 256
125 256
132 256
133 256
146 256
160 256
164 256
165 256
168 256
171 256
3 257
4 257
5 257
69 257
71 257
72 257
74 257
75 257
76 257
93 257
94 257
97 257
99 257
100 257
104 257
106 257
107 257
129 257
141 257
142 257
144 257
145 257
146 257
160 257
161 257
166 257
170 257
3 258
4 258
5 258
68 258
69 258
70 258
71 258
76 258
92 258
93 258
98 258
100 258
101 258
102 258
107 258
124 258
125 258
129 258
140 258
144 258
146 258
150 258
160 258
165 258
166 258
167 258
168 258
3 259
4 259
5 259
68 259
70 259
76 259
77 259
99 259
104 259
107 259
129 259
135 259
143 259
148 259
160 259
3 260
4 260
5 260
50 260
51 260
52 260
53 260
54 260
55 260
56 260
57 260
58 260
59 260
60 260
61 260
62 260
63 260
64 260
65 260
69 260
70 260
71 260
77 260
105 260
107 260
116 260
124 260
129 260
143 260
160 260
3 261
4 261
5 261
49 261
50 261
51 261
52 261
53 261
54 261
55 261
56 261
57 261
58 261
59 261
60 261
61 261
62 261
63 261
64 261
65 261
68 261
69 261
71 261
77 261
106 261
107 261
113 261
115 261
116 261
124 261
134 261
139 261
143 261
149 261
160 261
3 262
4 262
49 262
50 262
51 262
68 262
69 262
71 262
74 262
75 262
76 262
106 262
115 262
124 262
125 262
144 262
160 262
3 263
49 263
50 263
51 263
73 263
75 263
76 263
106 263
125 263
133 263
142 263
144 263
157 263
158 263
159 263
160 263
2 264
3 264
4 264
49 264
50 264
51 264
66 264
75 264
106 264
133 264
135 264
142 264
144 264
151 264
158 264
159 264
2 265
3 265
4 265
5 265
6 265
7 265
8 265
9 265
10 265
11 265
12 265
24 265
49 265
50 265
51 265
66 265
72 265
84 265
85 265
104 265
105 265
106 265
107 265
128 265
136 265
137 265
143 265
158 265
159 265
3 266
4 266
5 266
6 266
7 266
8 266
9 266
10 266
11 266
12 266
13 266
14 266
15 266
16 266
47 266
48 266
49 266
50 266
51 266
66 266
72 266
84 266
85 266
104 266
105 266
106 266
107 266
128 266
158 266
159 266
5 267
7 267
8 267
9 267
10 267
12 267
13 267
14 267
15 267
16 267
44 267
46 267
47 267
49 267
66 267
72 267
84 267
85 267
104 267
105 267
122 267
152 267
158 267
159 267
10 268
11 268
13 268
14 268
15 268
16 268
43 268
44 268
45 268
46 268
47 268
84 268
85 268
104 268
105 268
106 268
137 268
145 268
155 268
159 268
9 269
11 269
12 269
13 269
14 269
15 269
16 269
17 269
18 269
20 269
44 269
45 269
47 269
48 269
49 269
50 269
51 269
83 269
84 269
85 269
104 269
105 269
138 269
142 269
144 269
14 270
15 270
16 270
17 270
44 270
45 270
67 270
83 270
84 270
85 270
86 270
104 270
105 270
115 270
123 270
135 270
155 270
159 270
15 271
16 271
17 271
18 271
19 271
20 271
23 271
24 271
25 271
28 271
29 271
30 271
32 271
34 271
35 271
36 271
37 271
39 271
40 271
41 271
42 271
44 271
45 271
48 271
49 271
67 271
68 271
69 271
70 271
71 271
72 271
73 271
74 271
75 271
81 271
82 271
84 271
86 271
104 271
105 271
113 271
114 271
122 271
135 271
136 271
137 271
142 271
154 271
155 271
156 271
157 271
158 271
159 271
15 272
16 272
17 272
18 272
19 272
20 272
21 272
22 272
23 272
24 272
25 272
26 272
27 272
28 272
29 272
30 272
31 272
32 272
33 272
34 272
35 272
36 272
37 272
38 272
39 272
40 272
41 272
42 272
43 272
44 272
45 272
46 272
48 272
49 272
68 272
69 272
70 272
71 272
72 272
73 272
74 272
75 272
76 272
77 272
78 272
79 272
80 272
81 272
82 272
86 272
87 272
88 272
89 272
90 272
91 272
92 272
93 272
94 272
95 272
96 272
97 272
98 272
99 272
100 272
101 272
102 272
103 272
104 272
124 272
130 272
136 272
137 272
138 272
139 272
140 272
141 272
145 272
147 272
148 272
157 272
158 272
15 273
16 273
17 273
19 273
20 273
23 273
24 273
25 273
27 273
28 273
29 273
30 273
31 273
32 273
33 273
34 273
35 273
36 273
37 273
38 273
40 273
41 273
100 273
101 273
102 273
124 273
125 273
126 273
130 273
131 273
132 273
139 273